1.002060000000000000e+05
1.003070000000000000e+05
1.004080000000000000e+05
1.006100000000000000e+05
1.010060000000000000e+05
1.013090000000000000e+05
1.019150000000000000e+05
1.021090000000000000e+05
1.023110000000000000e+05
1.025130000000000000e+05
1.026140000000000000e+05
1.027150000000000000e+05
1.028160000000000000e+05
1.034140000000000000e+05
1.038180000000000000e+05
1.040120000000000000e+05
1.044160000000000000e+05
1.050140000000000000e+05
1.051150000000000000e+05
1.052160000000000000e+05
1.056200000000000000e+05
1.059230000000000000e+05
1.060160000000000000e+05
1.063190000000000000e+05
1.065210000000000000e+05
1.068240000000000000e+05
1.070180000000000000e+05
1.073210000000000000e+05
1.074220000000000000e+05
1.080200000000000000e+05
1.082220000000000000e+05
1.083230000000000000e+05
1.085250000000000000e+05
1.093250000000000000e+05
1.100070000000000000e+05
1.104110000000000000e+05
1.106130000000000000e+05
1.112110000000000000e+05
1.113120000000000000e+05
1.114130000000000000e+05
1.117160000000000000e+05
1.121120000000000000e+05
1.123140000000000000e+05
1.125160000000000000e+05
1.129200000000000000e+05
1.132150000000000000e+05
1.133160000000000000e+05
1.136190000000000000e+05
1.139220000000000000e+05
1.142170000000000000e+05
1.143180000000000000e+05
1.144190000000000000e+05
1.146210000000000000e+05
1.148230000000000000e+05
1.150170000000000000e+05
1.153200000000000000e+05
1.157240000000000000e+05
1.158250000000000000e+05
1.167260000000000000e+05
1.170210000000000000e+05
1.171220000000000000e+05
1.173240000000000000e+05
1.179300000000000000e+05
1.180230000000000000e+05
1.181240000000000000e+05
1.182250000000000000e+05
1.185280000000000000e+05
1.187300000000000000e+05
1.188310000000000000e+05
1.189320000000000000e+05
1.190250000000000000e+05
1.201110000000000000e+05
1.202120000000000000e+05
1.204140000000000000e+05
1.205150000000000000e+05
1.207170000000000000e+05
1.214160000000000000e+05
1.216180000000000000e+05
1.219210000000000000e+05
1.223170000000000000e+05
1.226200000000000000e+05
1.228220000000000000e+05
1.238240000000000000e+05
1.239250000000000000e+05
1.244220000000000000e+05
1.248260000000000000e+05
1.252220000000000000e+05
1.254240000000000000e+05
1.255250000000000000e+05
1.263250000000000000e+05
1.264260000000000000e+05
1.266280000000000000e+05
1.272260000000000000e+05
1.273270000000000000e+05
1.276300000000000000e+05
1.277310000000000000e+05
1.278320000000000000e+05
1.279330000000000000e+05
1.280260000000000000e+05
1.281270000000000000e+05
1.286320000000000000e+05
1.289350000000000000e+05
1.290280000000000000e+05
1.291290000000000000e+05
1.293310000000000000e+05
1.296340000000000000e+05
1.300130000000000000e+05
1.301140000000000000e+05
1.303160000000000000e+05
1.304170000000000000e+05
1.306190000000000000e+05
1.307200000000000000e+05
1.308210000000000000e+05
1.309220000000000000e+05
1.312170000000000000e+05
1.314190000000000000e+05
1.317220000000000000e+05
1.318230000000000000e+05
1.319240000000000000e+05
1.320170000000000000e+05
1.330190000000000000e+05
1.336250000000000000e+05
1.338270000000000000e+05
1.339280000000000000e+05
1.340210000000000000e+05
1.342230000000000000e+05
1.343240000000000000e+05
1.344250000000000000e+05
1.347280000000000000e+05
1.348290000000000000e+05
1.351240000000000000e+05
1.352250000000000000e+05
1.355280000000000000e+05
1.356290000000000000e+05
1.357300000000000000e+05
1.359320000000000000e+05
1.361260000000000000e+05
1.362270000000000000e+05
1.366310000000000000e+05
1.368330000000000000e+05
1.370270000000000000e+05
1.371280000000000000e+05
1.372290000000000000e+05
1.375320000000000000e+05
1.376330000000000000e+05
1.379360000000000000e+05
1.381300000000000000e+05
1.382310000000000000e+05
1.383320000000000000e+05
1.385340000000000000e+05
1.388370000000000000e+05
1.392330000000000000e+05
1.396370000000000000e+05
1.398390000000000000e+05
1.401170000000000000e+05
1.414220000000000000e+05
1.428280000000000000e+05
1.432240000000000000e+05
1.433250000000000000e+05
1.438300000000000000e+05
1.441250000000000000e+05
1.444280000000000000e+05
1.448320000000000000e+05
1.449330000000000000e+05
1.451270000000000000e+05
1.456320000000000000e+05
1.458340000000000000e+05
1.461290000000000000e+05
1.463310000000000000e+05
1.464320000000000000e+05
1.465330000000000000e+05
1.467350000000000000e+05
1.468360000000000000e+05
1.469370000000000000e+05
1.476360000000000000e+05
1.477370000000000000e+05
1.480320000000000000e+05
1.481330000000000000e+05
1.483350000000000000e+05
1.484360000000000000e+05
1.488400000000000000e+05
1.489410000000000000e+05
1.492360000000000000e+05
1.493370000000000000e+05
1.495390000000000000e+05
1.498420000000000000e+05
1.506250000000000000e+05
1.507260000000000000e+05
1.509280000000000000e+05
1.514250000000000000e+05
1.516270000000000000e+05
1.518290000000000000e+05
1.519300000000000000e+05
1.522250000000000000e+05
1.524270000000000000e+05
1.528310000000000000e+05
1.530250000000000000e+05
1.531260000000000000e+05
1.532270000000000000e+05
1.534290000000000000e+05
1.536310000000000000e+05
1.539340000000000000e+05
1.542290000000000000e+05
1.544310000000000000e+05
1.545320000000000000e+05
1.547340000000000000e+05
1.548350000000000000e+05
1.549360000000000000e+05
1.556350000000000000e+05
1.559380000000000000e+05
1.560310000000000000e+05
1.563340000000000000e+05
1.564350000000000000e+05
1.565360000000000000e+05
1.573360000000000000e+05
1.574370000000000000e+05
1.579420000000000000e+05
1.580350000000000000e+05
1.581360000000000000e+05
1.583380000000000000e+05
1.585400000000000000e+05
1.588430000000000000e+05
1.592390000000000000e+05
1.593400000000000000e+05
1.594410000000000000e+05
1.597440000000000000e+05
1.601230000000000000e+05
1.607290000000000000e+05
1.616300000000000000e+05
1.617310000000000000e+05
1.620260000000000000e+05
1.622280000000000000e+05
1.623290000000000000e+05
1.627330000000000000e+05
1.629350000000000000e+05
1.631290000000000000e+05
1.634320000000000000e+05
1.640300000000000000e+05
1.646360000000000000e+05
1.649390000000000000e+05
1.650320000000000000e+05
1.654360000000000000e+05
1.656380000000000000e+05
1.658400000000000000e+05
1.659410000000000000e+05
1.664380000000000000e+05
1.670360000000000000e+05
1.672380000000000000e+05
1.674400000000000000e+05
1.677430000000000000e+05
1.681390000000000000e+05
1.683410000000000000e+05
1.687450000000000000e+05
1.689470000000000000e+05
1.690400000000000000e+05
1.694440000000000000e+05
1.695450000000000000e+05
1.699490000000000000e+05
1.706310000000000000e+05
1.713300000000000000e+05
1.716330000000000000e+05
1.720290000000000000e+05
1.721300000000000000e+05
1.723320000000000000e+05
1.724330000000000000e+05
1.725340000000000000e+05
1.729380000000000000e+05
1.733340000000000000e+05
1.734350000000000000e+05
1.735360000000000000e+05
1.736370000000000000e+05
1.737380000000000000e+05
1.738390000000000000e+05
1.739400000000000000e+05
1.744370000000000000e+05
1.748410000000000000e+05
1.751360000000000000e+05
1.752370000000000000e+05
1.753380000000000000e+05
1.755400000000000000e+05
1.757420000000000000e+05
1.760370000000000000e+05
1.764410000000000000e+05
1.765420000000000000e+05
1.767440000000000000e+05
1.768450000000000000e+05
1.771400000000000000e+05
1.772410000000000000e+05
1.776450000000000000e+05
1.777460000000000000e+05
1.781420000000000000e+05
1.782430000000000000e+05
1.786470000000000000e+05
1.787480000000000000e+05
1.788490000000000000e+05
1.789500000000000000e+05
1.792450000000000000e+05
1.793460000000000000e+05
1.802300000000000000e+05
1.804320000000000000e+05
1.805330000000000000e+05
1.807350000000000000e+05
1.808360000000000000e+05
1.809370000000000000e+05
1.812320000000000000e+05
1.827390000000000000e+05
1.828400000000000000e+05
1.830340000000000000e+05
1.850380000000000000e+05
1.851390000000000000e+05
1.853410000000000000e+05
1.854420000000000000e+05
1.858460000000000000e+05
1.859470000000000000e+05
1.860400000000000000e+05
1.861410000000000000e+05
1.864440000000000000e+05
1.865450000000000000e+05
1.868480000000000000e+05
1.871430000000000000e+05
1.873450000000000000e+05
1.875470000000000000e+05
1.878500000000000000e+05
1.881450000000000000e+05
1.883470000000000000e+05
1.884480000000000000e+05
1.885490000000000000e+05
1.893490000000000000e+05
1.894500000000000000e+05
1.896520000000000000e+05
1.900310000000000000e+05
1.912350000000000000e+05
1.913360000000000000e+05
1.918410000000000000e+05
1.919420000000000000e+05
1.920350000000000000e+05
1.922370000000000000e+05
1.924390000000000000e+05
1.925400000000000000e+05
1.926410000000000000e+05
1.928430000000000000e+05
1.932390000000000000e+05
1.938450000000000000e+05
1.941400000000000000e+05
1.944430000000000000e+05
1.946450000000000000e+05
1.947460000000000000e+05
1.948470000000000000e+05
1.950410000000000000e+05
1.954450000000000000e+05
1.956470000000000000e+05
1.958490000000000000e+05
1.961440000000000000e+05
1.963460000000000000e+05
1.967500000000000000e+05
1.975500000000000000e+05
1.980470000000000000e+05
1.983500000000000000e+05
1.984510000000000000e+05
1.986530000000000000e+05
1.988550000000000000e+05
1.993520000000000000e+05
1.994530000000000000e+05
1.996550000000000000e+05
1.999580000000000000e+05
2.000080000000000000e+05
2.001090000000000000e+05
2.003110000000000000e+05
2.005130000000000000e+05
2.006140000000000000e+05
2.011110000000000000e+05
2.014140000000000000e+05
2.015150000000000000e+05
2.018180000000000000e+05
2.021130000000000000e+05
2.027190000000000000e+05
2.034180000000000000e+05
2.039230000000000000e+05
2.040160000000000000e+05
2.042180000000000000e+05
2.043190000000000000e+05
2.044200000000000000e+05
2.045210000000000000e+05
2.046220000000000000e+05
2.051190000000000000e+05
2.057250000000000000e+05
2.058260000000000000e+05
2.063230000000000000e+05
2.065250000000000000e+05
2.067270000000000000e+05
2.068280000000000000e+05
2.069290000000000000e+05
2.080240000000000000e+05
2.081250000000000000e+05
2.082260000000000000e+05
2.083270000000000000e+05
2.086300000000000000e+05
2.091270000000000000e+05
2.092280000000000000e+05
2.093290000000000000e+05
2.099350000000000000e+05
2.100110000000000000e+05
2.101120000000000000e+05
2.106170000000000000e+05
2.111140000000000000e+05
2.112150000000000000e+05
2.113160000000000000e+05
2.114170000000000000e+05
2.116190000000000000e+05
2.118210000000000000e+05
2.119220000000000000e+05
2.120150000000000000e+05
2.123180000000000000e+05
2.124190000000000000e+05
2.128230000000000000e+05
2.130170000000000000e+05
2.134210000000000000e+05
2.135220000000000000e+05
2.140190000000000000e+05
2.142210000000000000e+05
2.144230000000000000e+05
2.145240000000000000e+05
2.146250000000000000e+05
2.171260000000000000e+05
2.174290000000000000e+05
2.192310000000000000e+05
2.207210000000000000e+05
2.213190000000000000e+05
2.240220000000000000e+05
2.275330000000000000e+05
2.284340000000000000e+05
2.319280000000000000e+05
2.373340000000000000e+05
2.380330000000000000e+05
2.391360000000000000e+05
2.399440000000000000e+05
2.453330000000000000e+05
2.461330000000000000e+05
2.483390000000000000e+05
2.499470000000000000e+05
2.509320000000000000e+05
2.518330000000000000e+05
2.556390000000000000e+05
2.557400000000000000e+05
2.565400000000000000e+05
2.575420000000000000e+05
2.578450000000000000e+05
2.579460000000000000e+05
2.634360000000000000e+05
2.687490000000000000e+05
2.688500000000000000e+05
2.703320000000000000e+05
2.756450000000000000e+05
2.807390000000000000e+05
2.809410000000000000e+05
2.811350000000000000e+05
2.835430000000000000e+05
2.853450000000000000e+05
2.854460000000000000e+05
2.863470000000000000e+05
2.866500000000000000e+05
2.872480000000000000e+05
2.895550000000000000e+05
2.901360000000000000e+05
2.937480000000000000e+05
2.976550000000000000e+05
2.984550000000000000e+05
2.991540000000000000e+05
2.997600000000000000e+05
3.006180000000000000e+05
3.007190000000000000e+05
3.031190000000000000e+05
3.036240000000000000e+05
3.040200000000000000e+05
3.047270000000000000e+05
3.058300000000000000e+05
3.071270000000000000e+05
3.081290000000000000e+05
3.096360000000000000e+05
3.106210000000000000e+05
3.166330000000000000e+05
3.168350000000000000e+05
3.186370000000000000e+05
3.208260000000000000e+05
3.213230000000000000e+05
3.222240000000000000e+05
3.251290000000000000e+05
3.294400000000000000e+05
3.298440000000000000e+05
3.303240000000000000e+05
3.333300000000000000e+05
3.346350000000000000e+05
3.368410000000000000e+05
3.398470000000000000e+05
3.418340000000000000e+05
3.421290000000000000e+05
3.469450000000000000e+05
3.485450000000000000e+05
3.492440000000000000e+05
3.503300000000000000e+05
3.527380000000000000e+05
3.537400000000000000e+05
3.569480000000000000e+05
3.581440000000000000e+05
3.600300000000000000e+05
3.612340000000000000e+05
3.619410000000000000e+05
3.653430000000000000e+05
3.660420000000000000e+05
3.685510000000000000e+05
3.687530000000000000e+05
3.718430000000000000e+05
3.762470000000000000e+05
3.774510000000000000e+05
3.788570000000000000e+05
3.796570000000000000e+05
3.800360000000000000e+05
3.810380000000000000e+05
3.815430000000000000e+05
3.850460000000000000e+05
3.854500000000000000e+05
3.862500000000000000e+05
3.879590000000000000e+05
3.893570000000000000e+05
3.917480000000000000e+05
3.927500000000000000e+05
3.935500000000000000e+05
3.949560000000000000e+05
3.952510000000000000e+05
3.957560000000000000e+05
3.971540000000000000e+05
3.977600000000000000e+05
4.014220000000000000e+05
4.064320000000000000e+05
4.068360000000000000e+05
4.125280000000000000e+05
4.139340000000000000e+05
4.142290000000000000e+05
4.158370000000000000e+05
4.192390000000000000e+05
4.212260000000000000e+05
4.226320000000000000e+05
4.249390000000000000e+05
4.323320000000000000e+05
4.362390000000000000e+05
4.368450000000000000e+05
4.419390000000000000e+05
4.455430000000000000e+05
4.483470000000000000e+05
4.497530000000000000e+05
4.534410000000000000e+05
4.541400000000000000e+05
4.563460000000000000e+05
4.594530000000000000e+05
4.617430000000000000e+05
4.630400000000000000e+05
4.673510000000000000e+05
4.699610000000000000e+05
4.758550000000000000e+05
4.797620000000000000e+05
4.810420000000000000e+05
4.819510000000000000e+05
4.857570000000000000e+05
4.867590000000000000e+05
4.978650000000000000e+05
4.995660000000000000e+05
5.002220000000000000e+05
5.062340000000000000e+05
5.102250000000000000e+05
5.103260000000000000e+05
5.128350000000000000e+05
5.131300000000000000e+05
5.137360000000000000e+05
5.167420000000000000e+05
5.172390000000000000e+05
5.187460000000000000e+05
5.196470000000000000e+05
5.199500000000000000e+05
5.202280000000000000e+05
5.224340000000000000e+05
5.230320000000000000e+05
5.241350000000000000e+05
5.255410000000000000e+05
5.295490000000000000e+05
5.299530000000000000e+05
5.306350000000000000e+05
5.315360000000000000e+05
5.319400000000000000e+05
5.366470000000000000e+05
5.404360000000000000e+05
5.416400000000000000e+05
5.419430000000000000e+05
5.453450000000000000e+05
5.470460000000000000e+05
5.482500000000000000e+05
5.522410000000000000e+05
5.525440000000000000e+05
5.533440000000000000e+05
5.556510000000000000e+05
5.559540000000000000e+05
5.578570000000000000e+05
5.586570000000000000e+05
5.589600000000000000e+05
5.590530000000000000e+05
5.594570000000000000e+05
5.612420000000000000e+05
5.614440000000000000e+05
5.619490000000000000e+05
5.624460000000000000e+05
5.654520000000000000e+05
5.664540000000000000e+05
5.670520000000000000e+05
5.677590000000000000e+05
5.679610000000000000e+05
5.689630000000000000e+05
5.702430000000000000e+05
5.720450000000000000e+05
5.732490000000000000e+05
5.734510000000000000e+05
5.796650000000000000e+05
5.798670000000000000e+05
5.800440000000000000e+05
5.803470000000000000e+05
5.806500000000000000e+05
5.807510000000000000e+05
5.814500000000000000e+05
5.838580000000000000e+05
5.858620000000000000e+05
5.864600000000000000e+05
5.876640000000000000e+05
5.885650000000000000e+05
5.900470000000000000e+05
5.924550000000000000e+05
5.978690000000000000e+05
5.985680000000000000e+05
5.990650000000000000e+05
5.994690000000000000e+05
5.996710000000000000e+05
6.011270000000000000e+05
6.045370000000000000e+05
6.119380000000000000e+05
6.135380000000000000e+05
6.157440000000000000e+05
6.166450000000000000e+05
6.177480000000000000e+05
6.189520000000000000e+05
6.204340000000000000e+05
6.222360000000000000e+05
6.266480000000000000e+05
6.278520000000000000e+05
6.282480000000000000e+05
6.347480000000000000e+05
6.380490000000000000e+05
6.454500000000000000e+05
6.455510000000000000e+05
6.478580000000000000e+05
6.543500000000000000e+05
6.545520000000000000e+05
6.547540000000000000e+05
6.562530000000000000e+05
6.566570000000000000e+05
6.576590000000000000e+05
6.609510000000000000e+05
6.637550000000000000e+05
6.647570000000000000e+05
6.652540000000000000e+05
6.670560000000000000e+05
6.683610000000000000e+05
6.718550000000000000e+05
6.727560000000000000e+05
6.734550000000000000e+05
6.756610000000000000e+05
6.777660000000000000e+05
6.795680000000000000e+05
6.797700000000000000e+05
6.804520000000000000e+05
6.832560000000000000e+05
6.850580000000000000e+05
6.871630000000000000e+05
6.901520000000000000e+05
6.929640000000000000e+05
6.937640000000000000e+05
6.943620000000000000e+05
6.957680000000000000e+05
7.006340000000000000e+05
7.021330000000000000e+05
7.042380000000000000e+05
7.053410000000000000e+05
7.077490000000000000e+05
7.095510000000000000e+05
7.150410000000000000e+05
7.156470000000000000e+05
7.159500000000000000e+05
7.203370000000000000e+05
7.231410000000000000e+05
7.244460000000000000e+05
7.257510000000000000e+05
7.275530000000000000e+05
7.276540000000000000e+05
7.284540000000000000e+05
7.295570000000000000e+05
7.311400000000000000e+05
7.322430000000000000e+05
7.340450000000000000e+05
7.379600000000000000e+05
7.425490000000000000e+05
7.445530000000000000e+05
7.482580000000000000e+05
7.490580000000000000e+05
7.493610000000000000e+05
7.513480000000000000e+05
7.531500000000000000e+05
7.532510000000000000e+05
7.560550000000000000e+05
7.577640000000000000e+05
7.598690000000000000e+05
7.619570000000000000e+05
7.635570000000000000e+05
7.650560000000000000e+05
7.658640000000000000e+05
7.674640000000000000e+05
7.690640000000000000e+05
7.703520000000000000e+05
7.713540000000000000e+05
7.732570000000000000e+05
7.746630000000000000e+05
7.825610000000000000e+05
7.834620000000000000e+05
7.845650000000000000e+05
7.886740000000000000e+05
7.893730000000000000e+05
7.925640000000000000e+05
7.927660000000000000e+05
7.934650000000000000e+05
8.009410000000000000e+05
8.028440000000000000e+05
8.032400000000000000e+05
8.092520000000000000e+05
8.127460000000000000e+05
8.145480000000000000e+05
8.146490000000000000e+05
8.152470000000000000e+05
8.166530000000000000e+05
8.184550000000000000e+05
8.188590000000000000e+05
8.207450000000000000e+05
8.250480000000000000e+05
8.255530000000000000e+05
8.256540000000000000e+05
8.263530000000000000e+05
8.264540000000000000e+05
8.270520000000000000e+05
8.288620000000000000e+05
8.326510000000000000e+05
8.331480000000000000e+05
8.375600000000000000e+05
8.413490000000000000e+05
8.431510000000000000e+05
8.449610000000000000e+05
8.454580000000000000e+05
8.492640000000000000e+05
8.499710000000000000e+05
8.524550000000000000e+05
8.567660000000000000e+05
8.572630000000000000e+05
8.596710000000000000e+05
8.614560000000000000e+05
8.653630000000000000e+05
8.708610000000000000e+05
8.717620000000000000e+05
8.719640000000000000e+05
8.721580000000000000e+05
8.725620000000000000e+05
8.739680000000000000e+05
8.772690000000000000e+05
8.787760000000000000e+05
8.788770000000000000e+05
8.801570000000000000e+05
8.821610000000000000e+05
8.840640000000000000e+05
8.859750000000000000e+05
8.866740000000000000e+05
8.873730000000000000e+05
8.886780000000000000e+05
8.895790000000000000e+05
8.916670000000000000e+05
8.940670000000000000e+05
8.946730000000000000e+05
8.947740000000000000e+05
8.967780000000000000e+05
8.968790000000000000e+05
8.981760000000000000e+05
8.998850000000000000e+05
9.011390000000000000e+05
9.014420000000000000e+05
9.022420000000000000e+05
9.040440000000000000e+05
9.051470000000000000e+05
9.076560000000000000e+05
9.088600000000000000e+05
9.102410000000000000e+05
9.104430000000000000e+05
9.118490000000000000e+05
9.124470000000000000e+05
9.172550000000000000e+05
9.175580000000000000e+05
9.237550000000000000e+05
9.268620000000000000e+05
9.273590000000000000e+05
9.304490000000000000e+05
9.325540000000000000e+05
9.332530000000000000e+05
9.426580000000000000e+05
9.438620000000000000e+05
9.514570000000000000e+05
9.528630000000000000e+05
9.554650000000000000e+05
9.579740000000000000e+05
9.589760000000000000e+05
9.595740000000000000e+05
9.620580000000000000e+05
9.653670000000000000e+05
9.669750000000000000e+05
9.694760000000000000e+05
9.707640000000000000e+05
9.711600000000000000e+05
9.785780000000000000e+05
9.799840000000000000e+05
9.837730000000000000e+05
9.844720000000000000e+05
9.870740000000000000e+05
9.879830000000000000e+05
9.899870000000000000e+05
9.903660000000000000e+05
9.912670000000000000e+05
9.926730000000000000e+05
9.927740000000000000e+05
9.936750000000000000e+05
9.942730000000000000e+05
9.967820000000000000e+05
